% -------------------------------------------------------------------
%  Generated by MATLAB on 25-Jan-2016 20:51:48
%  MATLAB version: 8.3.0.532 (R2014a)
% -------------------------------------------------------------------
                                   

I_magnet = 0.719;

J = 0.0006;

LR_plus = 0.89737;

Lsigma_plus = 0.12968;

MASM = 1.8;

MLast = 1;

PsiR_plus = 0.64521;

RR_plus = 26.3;

Rreib = 0.001352;

Rs = 32.65;

p = 2;

wSoll = 1000;

