% -------------------------------------------------------------------
%  Generated by MATLAB on 26-Jan-2016 22:22:00
%  MATLAB version: 8.3.0.532 (R2014a)
% -------------------------------------------------------------------
                                   

I_magnet = 0.719;

J = 0.0006;

LR_plus = 0.89737;

Lsigma_plus = 0.12968;

MLast = 2;

MLast1 = 3.8;

MLast2 = 0;

PsiR_plus = 0.64521;

RR_plus = 26.3;

Rreib = 0.00138;

Rs = 32.65;

p = 4;

t = 5;

wSoll = 500;

wSoll1 = 1300;

wSoll2 = 200;

