% -------------------------------------------------------------------
%  Generated by MATLAB on 27-Jan-2016 10:21:33
%  MATLAB version: 8.3.0.532 (R2014a)
% -------------------------------------------------------------------
                                   

I_magnet = 0.719;

J = 0.0006;

LR_plus = 0.89737;

Lsigma_plus = 0.12968;

MLast = 3.4;

MLast1 = 2;

MLast2 = 0;

PsiR_plus = 0.64521;

RR_plus = 26.3;

Rreib = 0.00138;

Rs = 32.65;

p = 4;

t = 5;

wSoll = 1300;

wSoll1 = 50;

wSoll2 = 0;

