% -------------------------------------------------------------------
%  Generated by MATLAB on 13-Feb-2016 12:16:02
%  MATLAB version: 8.3.0.532 (R2014a)
% -------------------------------------------------------------------
                                   

I_magnet = 0.719;

J = 0.0006;

LR_plus = 0.89737;

Lsigma_plus = 0.12968;

MLast = 10;

MLast1 = 3.9;

MLast2 = 0;

PsiR_plus = 0.64521;

RR_plus = 26.3;

Rreib = 0.00134;

Rs = 32.65;

StartMoment = 3.4;

StartStrom = 3.8;

ans = 8;

p = 4;

t = 5;

wSoll = 500;

wSoll1 = 1370;

wSoll2 = 1370;

